#OTU ID	01	02	03	04	05	06	07	08	09	10	11	12	13	14	23	24	45	46	negC	posContr	negContr	posC
Zotu41	137	35	0	0	0	0	1	0	0	1	0	0	0	1	0	0	0	0	0	5	0	0
Zotu15	2908	1484	0	1	0	3	13	121	5	1	1	8	2	1	1442	33	0	0	36	77	44	64
Zotu28	435	75	0	0	0	0	1	17	0	0	0	0	0	0	46	5	0	0	48	11	16	20
Zotu13	2689	1086	0	0	0	1	1	15	0	0	0	0	0	0	3436	30	0	0	79	150	160	133
Zotu9	1221	6236	840	2595	543	139	48	263	894	15	471	10	10	15	4144	1147	2	0	0	0	0	1
Zotu19	965	333	0	0	0	1	3	12	3	0	0	0	0	0	567	17	0	0	2	17	0	9
Zotu25	819	39	0	0	0	0	0	0	0	0	0	0	0	0	0	0	0	0	1	0	0	9
Zotu31	366	44	0	0	0	0	0	0	0	0	0	0	0	0	0	0	0	0	0	0	0	0
Zotu1	1940	4466	9564	6629	10591	15762	9607	6605	9493	11794	5	43	13	739	4812	5390	3	2	0	9	3	5
Zotu2	182	815	1	0	0	5	1706	382	358	1654	7922	1590	6373	7526	2930	43	0	0	0	1	0	0
Zotu26	461	432	0	0	0	0	0	6	0	0	0	0	0	0	0	0	0	0	19	6	0	0
Zotu8	159	144	0	0	0	0	0	0	0	0	0	0	0	0	0	6	0	0	0	10750	0	6598
Zotu40	206	0	0	0	0	0	0	0	0	0	0	0	0	0	0	0	0	0	0	0	0	0
Zotu33	236	0	0	0	0	0	0	0	0	0	0	0	0	0	0	0	0	0	0	0	0	0
Zotu5	488	105	0	0	0	0	0	0	0	0	0	0	0	0	325	2	6123	10813	6	8	9	10
Zotu7	28	689	521	2076	294	178	2701	3697	73	27	96	2657	324	2701	1382	7151	3	8	0	0	0	1
Zotu4	191	101	5115	589	1369	12	66	443	28	2	7223	6	7621	95	64	0	0	0	0	0	0	0
Zotu29	182	22	0	1	0	1	8	3	6	3	0	9	71	14	126	10	0	0	0	0	0	0
Zotu83	1	3	1	0	0	2	36	10	11	27	326	0	312	8	5	4	0	0	0	0	0	0
Zotu38	22	183	433	371	142	112	20	54	425	3	248	10	7	8	191	262	0	0	0	0	0	0
Zotu72	64	0	0	0	0	0	0	0	0	0	0	0	0	0	0	0	0	0	0	0	0	0
Zotu94	3	93	60	139	34	31	183	58	208	238	0	4	1	70	63	188	0	0	0	0	0	0
Zotu12	3	289	2	8	6	62	1811	475	591	22	18	2581	64	2257	1149	477	0	0	0	0	0	0
Zotu6	1	142	0	22	84	306	1997	1578	1988	3658	0	7250	395	70	320	7535	0	1	0	0	2	1
Zotu22	6	12	15	16	12	2	0	2	17	0	1	0	1	0	8	3	0	0	0	0	0	0
Zotu100	2	6	48	23	5	3	14	23	0	0	16	10	58	11	7	24	0	0	0	0	0	0
Zotu86	1	2	708	79	290	5	18	30	8	0	2	0	11	0	1	1	0	0	0	0	0	0
Zotu58	1	9	51	160	38	40	225	200	9	4	1	12	9	105	16	229	0	0	0	0	0	0
Zotu52	1	0	32	11	16	0	1	9	2	0	59	0	79	5	0	1	0	0	0	0	0	0
Zotu36	1	1	20	6	9	0	0	2	0	0	19	0	12	2	0	0	0	0	0	0	0	0
Zotu84	1	2	13	6	7	0	1	7	1	0	341	0	242	8	1	0	0	0	0	0	0	0
Zotu16	1	0	1	34	22	41	828	377	222	0	0	429	963	2574	565	1051	3	0	0	0	0	1
Zotu53	1	2	3	2	6	0	1	1	1	0	500	2	302	14	1	0	0	0	0	0	0	0
Zotu103	1	0	0	0	0	1	48	13	20	7	0	241	0	4	4	38	0	0	0	0	0	0
Zotu14	0	1895	43	6	4	18	199	392	276	10	6	3	3	7	2966	7	0	0	0	0	0	0
Zotu43	0	225	0	0	0	0	0	0	0	0	0	0	0	0	0	6	0	0	0	0	0	0
Zotu87	0	61	0	0	0	0	0	0	0	0	0	0	0	0	0	0	0	0	0	0	0	0
Zotu82	0	55	28	0	0	13	62	55	139	4	2	4	0	4	124	0	0	0	0	0	0	1
Zotu70	0	60	0	0	0	0	0	0	0	0	0	0	0	1	0	0	0	0	0	0	0	0
Zotu99	0	32	0	0	0	0	0	0	0	0	0	0	0	0	0	0	0	0	0	0	0	0
Zotu71	0	50	0	0	0	0	0	0	0	0	0	0	0	0	0	0	0	0	0	0	0	0
Zotu59	0	9	0	0	0	11	7	14	11	0	0	0	10	17	0	71	0	0	0	0	0	0
Zotu57	0	100	0	0	0	0	0	0	0	0	0	0	0	0	0	0	0	0	0	0	0	0
Zotu91	0	48	0	0	0	0	0	0	0	0	0	0	0	0	0	0	0	0	0	0	0	0
Zotu78	0	43	0	0	0	0	0	0	0	0	0	0	0	0	0	0	0	0	0	0	0	0
Zotu88	0	4	5	0	0	4	5	2	26	1	0	0	0	0	7	0	0	0	0	0	0	0
Zotu11	0	12	4	3164	4946	291	840	2770	0	0	0	1	1	0	1	4	0	0	0	0	0	0
Zotu79	0	4	3	5	4	5	65	20	49	92	0	1	1	7	9	48	0	0	0	0	0	0
Zotu18	0	8	31	191	28	14	211	297	5	6	8	186	35	333	93	468	1	0	0	0	0	0
Zotu21	0	3	5	6	1	0	11	5	1	0	3	14	2	29	2	13	0	0	0	0	0	0
Zotu56	0	1	0	1	0	0	4	2	0	0	0	1	0	0	0	2	0	0	0	0	0	0
Zotu65	0	2	0	2	2	19	59	32	74	120	0	55	15	0	2	155	0	0	0	0	0	0
Zotu42	0	4	20	69	8	10	60	82	7	3	0	57	8	129	6	139	0	0	0	0	0	0
Zotu85	0	1	0	2	1	0	0	0	2	0	7	0	0	0	4	2	0	0	0	0	0	0
Zotu39	0	1	2	1	3	0	0	1	4	0	4	1	0	0	2	18	0	0	0	0	0	0
Zotu50	0	1	0	0	0	6	30	5	23	4	0	1	1	0	2	1	0	0	0	0	0	0
Zotu77	0	1	5	1	2	1	0	0	4	1	4	0	1	0	0	0	0	0	0	0	0	0
Zotu30	0	1	1	1	0	0	5	6	0	0	1	2	0	1	0	1	0	0	0	0	0	0
Zotu20	0	1	6	585	1460	341	306	521	0	0	0	1	0	0	0	0	0	0	0	0	0	0
Zotu64	0	1	0	0	2	33	72	44	115	118	0	22	5	1	2	95	0	0	0	0	0	0
Zotu90	0	0	81	13	28	0	1	6	0	0	7	0	33	0	1	0	0	0	0	0	0	0
Zotu105	0	0	34	16	7	1	2	17	0	0	7	0	46	2	0	0	0	0	0	0	0	0
Zotu32	0	0	0	294	25	0	0	29	0	0	0	0	0	0	0	0	0	0	0	0	0	0
Zotu17	0	0	0	1	0	1	4	2	13	6	0	8	0	0	0	8	0	0	0	0	0	0
Zotu23	0	0	0	3	6	3	0	3	0	0	0	0	0	0	0	0	0	0	0	0	0	0
Zotu98	0	0	0	2	0	0	0	0	0	0	0	0	0	0	0	0	0	0	0	0	0	0
Zotu96	0	0	0	2	0	0	1	7	0	0	0	0	127	6	0	0	0	0	0	0	0	0
Zotu34	0	0	0	0	1	0	0	0	5	1	0	0	0	0	0	2	0	0	0	0	0	0
Zotu3	0	0	0	0	2	1	5	2	0	0	0	0	0	0	48	0	11239	7140	1	1	0	2
Zotu102	0	0	0	0	0	1	1	0	1	2	0	1	0	0	0	0	0	0	0	0	0	0
Zotu92	0	0	0	0	0	50	0	3	0	0	0	0	0	1	0	0	0	0	0	0	0	0
Zotu80	0	0	0	0	0	1	1	3	5	1	0	4	0	0	3	7	0	0	0	0	0	0
Zotu73	0	0	0	0	0	2	2	0	3	0	0	0	0	0	0	0	0	0	0	0	0	0
Zotu76	0	0	0	0	0	1	3	2	3	0	0	0	1	0	0	1	0	0	0	0	0	0
Zotu47	0	0	0	0	0	0	11	1	9	5	0	55	5	0	2	14	0	0	0	0	0	0
Zotu55	0	0	0	0	0	0	16	2	4	22	11	2	13	0	3	0	0	0	0	0	0	0
Zotu27	0	0	0	0	0	0	2	3	3	1	0	0	0	0	0	3	0	0	0	0	0	0
Zotu24	0	0	0	0	0	0	4	2	0	0	0	4	19	85	3	0	0	0	0	0	0	0
Zotu45	0	0	0	0	0	0	1	0	0	0	0	0	0	0	141	0	0	0	0	0	0	0
Zotu49	0	0	0	0	0	0	4	1	0	0	0	10	0	0	0	7	0	0	0	0	0	0
Zotu48	0	0	0	0	0	0	8	2	1	0	0	0	1	0	0	3	0	0	0	0	0	0
Zotu66	0	0	0	0	0	0	1	1	4	1	0	8	1	0	1	2	0	0	0	0	0	0
Zotu54	0	0	0	0	0	0	0	0	20	2	0	0	0	1	59	1	0	0	0	0	0	0
Zotu69	0	0	0	0	0	0	0	0	1	1	0	1	1	0	0	3	0	0	0	0	0	0
Zotu104	0	0	0	0	0	0	0	0	0	1	0	0	0	0	0	0	0	0	0	0	0	0
Zotu61	0	0	0	0	0	0	0	0	0	1	0	1	0	0	0	0	0	0	0	0	0	0
Zotu44	0	0	0	0	0	0	0	0	0	0	0	1	0	7	1	0	0	0	0	0	0	0
Zotu81	0	0	0	0	0	0	0	0	0	0	0	0	2	0	0	0	0	0	0	0	0	0
Zotu51	0	0	0	0	0	0	0	0	0	0	0	0	0	0	111	0	0	0	0	0	0	0
Zotu35	0	0	0	0	0	0	0	0	0	0	0	0	0	0	207	0	0	0	0	0	0	0
Zotu46	0	0	0	0	0	0	0	0	0	0	0	0	0	0	110	0	0	0	0	0	0	0
Zotu37	0	0	0	0	0	0	0	0	0	0	0	0	0	0	189	0	0	0	0	0	0	0
Zotu60	0	0	0	0	0	0	0	0	0	0	0	0	0	0	77	0	0	0	0	0	0	0
Zotu95	0	0	0	0	0	0	0	0	0	0	0	0	0	0	39	0	0	0	0	0	0	0
Zotu89	0	0	0	0	0	0	0	0	0	0	0	0	0	0	0	2	0	0	0	0	0	0
Zotu67	0	0	0	0	0	0	0	0	0	0	0	0	0	0	0	1	0	0	0	0	0	0
Zotu68	0	0	0	0	0	0	0	0	0	0	0	0	0	0	0	1	0	0	0	0	0	0
Zotu63	0	0	0	0	0	0	0	0	0	0	0	0	0	0	0	0	20	38	0	0	0	0
Zotu10	0	0	0	0	0	0	0	0	0	0	0	0	0	0	0	0	0	0	0	10028	0	6103
Zotu74	0	0	0	0	0	0	0	0	0	0	0	0	0	0	0	0	0	0	0	298	0	177
